version https://git-lfs.github.com/spec/v1
oid sha256:7f0e39f197db95bb0ce89a30a9fdf7d48003da36b8ab6a464aa14f724372fa94
size 26280
